Pattern1

1 
1 2 
1 2 3 
1 2 3 4 
1 2 3 4 5 

Pattern2

1 2 3 4 5 
1 2 3 4 
1 2 3 
1 2 
1 

Pattern3

1 
2 2 
3 3 3 
4 4 4 4 
5 5 5 5 5 

Pattern4

5 5 5 5 5 
4 4 4 4 
3 3 3 
2 2 
1 

Pattern5

5 
5 4 
5 4 3 
5 4 3 2 
5 4 3 2 1 

Pattern6

5 4 3 2 1 
5 4 3 2 
5 4 3 
5 4 
5

Pattern7

1 
2 1 
3 2 1 
4 3 2 1 
5 4 3 2 1 

Pattern8

5 4 3 2 1 
4 3 2 1 
3 2 1 
2 1 
1 

Pattern9

1 
1 2 
1 2 3 
1 2 3 4 
1 2 3 4 5 
1 2 3 4 
1 2 3 
1 2 
1 

Pattern10

1 2 3 4 5 
1 2 3 4 
1 2 3 
1 2 
1 
1 2 
1 2 3 
1 2 3 4 
1 2 3 4 5 

Pattern11

1 
1 2 1 
1 2 3 2 1 
1 2 3 4 3 2 1 
1 2 3 4 5 4 3 2 1 

pattern12

        1 
      1 2 
    1 2 3 
  1 2 3 4 
1 2 3 4 5 
 
Pattern13

1 2 3 4 5 
  1 2 3 4 
    1 2 3 
      1 2 
        1

Pattern14

        1 
      2 1 
    3 2 1 
  4 3 2 1 
5 4 3 2 1 

Pattern15

5 4 3 2 1
  4 3 2 1
    3 2 1
      2 1
        1

Pattern16

1 2 3 4 5 
  2 3 4 5 
    3 4 5 
      4 5 
        5 
      4 5 
    3 4 5 
  2 3 4 5 
1 2 3 4 5 

Pattern17

     1 
    1 2 
   1 2 3 
  1 2 3 4 
 1 2 3 4 5 

Pattern18

    1 
   2 3 
  3 4 5 
 4 5 6 7 
5 6 7 8 9 

Pattern19

    1 
   2 2 
  3 3 3 
 4 4 4 4 
5 5 5 5 5 

Pattern20

5 5 5 5 5 
 4 4 4 4 
  3 3 3 
   2 2 
    1 

Pattern21

    5 
   4 5 
  3 4 5 
 2 3 4 5 
1 2 3 4 5 

Pattern22

1 2 3 4 5 
 2 3 4 5 
  3 4 5 
   4 5 
    5 

Pattern23

    5 
   5 4 
  5 4 3 
 5 4 3 2 
5 4 3 2 1 

Pattern24

5 4 3 2 1 
 5 4 3 2 
  5 4 3 
   5 4 
    5 

Pattern25

1 2 3 4 5 
 2 3 4 5 
  3 4 5 
   4 5 
    5 
   4 5 
  3 4 5 
 2 3 4 5 
1 2 3 4 5 

Pattern26

1 
1 0 
1 0 1 
1 0 1 0 
1 0 1 0 1 

Pattern27

0 1 0 1 0 
1 0 1 0 1 
0 1 0 1 0 
1 0 1 0 1 
0 1 0 1 0 

Pattern28

1 1 1 1 1 
1 1 1 2 2 
1 1 3 3 3 
1 4 4 4 4 
5 5 5 5 5 

Pattern29

0 0 0 0 0 
0 1 0 0 0 
0 0 2 0 0 
0 0 0 3 0 
0 0 0 0 4

Pattern30

1 
2 6 
3 7 10 
4 8 11 13 
5 9 12 14 15 

Pattern31

1 
2 3 
4 5 6 
7 8 9 10 
11 12 13 14 15 

Pattern32

1 2 3 4 5 
6 7 8 9 
10 11 12 
13 14 
15 

pattern33

1 
3 2 
4 5 6 
10 9 8 7 
11 12 13 14 15 

Pattern34

1
*2*
**3**
***4***
****5****

Pattern35

1 * * * * 
1 2 * * * 
1 2 3 * * 
1 2 3 4 * 
1 2 3 4 5 

Pattern36

* * * * 1 
* * * 1 2 
* * 1 2 3 
* 1 2 3 4 
1 2 3 4 5 

Pattern37

1 
1 * 3 
1 * 3 * 5 
1 * 3 * 5 * 7 
1 * 3 * 5 * 7 * 9 

Pattern38

1 
1 * 2 
1 * 2 * 3 
1 * 2 * 3 * 4 
1 * 2 * 3 * 4 * 5 

Pattern39

1 A A A A 
1 2 B B B 
1 2 3 C C 
1 2 3 4 D 
1 2 3 4 5 

Pattern40

1 2 3 4 5 
2 3 4 5 1 
3 4 5 1 2 
4 5 1 2 3 
5 1 2 3 4

Pattern41

5 5 5 5 5 5 5 5 5 
5 4 4 4 4 4 4 4 5 
5 4 3 3 3 3 3 4 5 
5 4 3 2 2 2 3 4 5 
5 4 3 2 1 2 3 4 5 
5 4 3 2 2 2 3 4 5 
5 4 3 3 3 3 3 4 5 
5 4 4 4 4 4 4 4 5 
5 5 5 5 5 5 5 5 5 

Pattern42

* 
* * 
* * * 
* * * * 
* * * * * 

Pattern43

* * * * * 
 * * * * 
  * * * 
   * * 
    * 

Pattern44

    * 
   * * 
  * * * 
 * * * * 
* * * * *

Pattern45 - Pattern43

Pattern46

    *
   **
  ***
 ****
*****

Pattern47 - Pattern43

Pattern48

* 
* * 
* * * 
* * * * 
* * * * * 
* * * * 
* * * 
* * 
*

Pattern49



